Run   obj.function   KGE           _k_soil_      _theta_sat_   _aquiferBaseflowExp_  _aquiferBaseflowRate_  _qSurfScale_  _summerLAI_   _frozenPrecipMultip_  _heightCanopyBottom_  _heightCanopyTop_  _Fcapil_      _tempCritRain_  _windReductionParam_  _vGn_n_       _routingGammaShape_  _routingGammaScale_  _zScale_TOPMODEL_  
1     1.018024E+01  -1.018024E+01  1.304203E-05  3.960130E-01  4.472859E+00  9.108670E-02  4.470389E+01  8.556847E+00  8.913363E-01  4.685911E+00  7.843818E+00  1.403047E-02  2.732797E+02  6.585451E-01  2.189501E+00  2.216366E+00  3.626902E+05  6.394215E+01  
2     9.630768E+00  -9.630768E+00  6.967266E-06  4.746958E-01  5.344788E+00  7.700690E-02  9.168059E+01  2.280885E+00  9.696671E-01  2.402347E+00  2.493772E+01  3.666223E-02  2.734669E+02  6.226870E-01  1.235666E+00  2.549968E+00  2.309061E+05  2.302577E+01  
3     3.290095E+00  -3.290095E+00  2.739470E-06  3.950064E-01  9.058320E+00  4.823561E-02  1.829425E+01  5.532793E+00  1.166312E+00  3.976396E+00  3.177550E+01  7.010332E-02  2.739525E+02  5.575366E-02  2.658509E+00  2.648905E+00  3.967681E+05  4.298904E+00  
4     4.405556E+00  -4.405556E+00  5.634690E-06  5.886328E-01  1.768700E+00  3.625154E-02  5.162667E+00  1.950823E+00  8.709427E-01  4.268259E+00  4.464012E+01  5.964789E-02  2.738454E+02  2.132959E-01  2.547836E+00  2.290562E+00  1.115106E+05  1.357589E+01  
5     6.021860E-01  -6.021860E-01  1.026783E-05  3.950064E-01  9.058320E+00  4.823561E-02  1.849104E+01  5.532793E+00  1.166312E+00  3.976396E+00  3.177550E+01  8.220482E-02  2.739173E+02  5.575366E-02  1.246104E+00  2.561204E+00  3.967681E+05  4.298904E+00  
6     6.378770E-01  -6.378770E-01  1.076589E-05  4.467018E-01  7.415516E+00  7.909761E-02  4.561759E+01  1.085205E+00  1.397390E+00  9.054987E-01  2.627107E+01  7.062335E-02  2.735715E+02  7.931826E-01  1.259033E+00  2.633427E+00  3.702539E+05  1.784268E+00  
7     -5.614600E-02  5.614600E-02  2.739470E-06  3.950064E-01  9.058320E+00  4.823561E-02  1.182932E+01  5.557981E+00  8.663603E-01  3.976396E+00  3.163407E+01  6.128324E-02  2.739435E+02  1.615188E-01  1.149104E+00  2.648905E+00  1.442333E+05  4.308873E+00  
8     8.547100E-02  -8.547100E-02  2.739470E-06  4.627081E-01  9.058320E+00  7.264825E-02  1.829425E+01  1.260421E-02  8.663603E-01  3.976396E+00  3.163407E+01  6.128324E-02  2.738811E+02  7.098753E-01  1.149104E+00  2.648905E+00  1.442333E+05  4.298904E+00  
9     -2.484810E-01  2.484810E-01  2.739470E-06  4.627081E-01  9.058320E+00  4.823561E-02  1.829425E+01  5.532793E+00  8.663603E-01  3.976396E+00  1.848508E+01  8.993511E-02  2.738811E+02  5.575366E-02  1.149104E+00  2.492027E+00  1.442333E+05  4.298904E+00  
10    -2.484810E-01  2.484810E-01  2.739470E-06  3.950064E-01  9.058320E+00  2.541176E-02  1.844456E+01  5.532793E+00  8.663603E-01  3.848101E+00  3.741167E+00  7.344052E-02  2.738811E+02  5.575366E-02  1.149104E+00  2.648905E+00  1.442333E+05  4.298904E+00  
11    -3.395640E-01  3.395640E-01  2.739470E-06  4.627081E-01  5.309722E+00  6.514634E-02  1.829425E+01  5.532793E+00  5.376348E-01  3.976396E+00  3.163407E+01  6.128324E-02  2.738811E+02  5.575366E-02  1.149104E+00  2.529356E+00  9.732065E+04  4.298904E+00  
12    6.630495E+00  -6.630495E+00  2.739470E-06  4.627081E-01  9.058320E+00  5.405389E-02  1.829425E+01  5.532793E+00  5.376348E-01  4.043430E+00  3.163407E+01  6.128324E-02  2.738811E+02  5.575366E-02  1.149104E+00  2.529356E+00  9.732065E+04  1.409553E+01  
13    -3.787750E-01  3.787750E-01  2.739470E-06  4.627081E-01  9.923913E+00  6.514634E-02  1.829425E+01  5.532793E+00  5.376348E-01  3.976396E+00  7.005827E+00  6.128324E-02  2.738811E+02  4.910627E-02  1.149104E+00  2.416147E+00  9.732065E+04  4.298904E+00  
14    -3.787750E-01  3.787750E-01  2.739470E-06  4.762418E-01  1.172500E+00  7.272090E-02  5.156278E+01  5.366068E+00  1.363424E+00  3.976396E+00  2.961022E+00  5.073178E-02  2.728010E+02  5.575366E-02  1.939427E+00  2.113407E+00  1.217713E+05  9.721286E+01  
15    3.463821E+00  -3.463821E+00  1.202035E-05  4.321239E-01  9.058320E+00  6.514634E-02  1.829425E+01  5.532793E+00  5.225076E-01  4.094785E+00  8.295934E+00  1.593293E-02  2.738811E+02  5.575366E-02  2.083572E+00  2.529356E+00  9.732065E+04  4.298904E+00  
16    -1.194100E-01  1.194100E-01  2.739470E-06  4.627081E-01  9.993781E+00  6.514634E-02  1.837336E+01  5.532793E+00  5.376348E-01  3.976396E+00  8.432222E+00  6.128324E-02  2.738811E+02  8.675694E-01  1.149104E+00  2.416147E+00  9.732047E+04  4.298904E+00  
17    3.336680E-01  -3.336680E-01  5.667415E-06  4.627081E-01  2.800535E+00  5.977701E-02  1.829425E+01  5.532793E+00  5.376348E-01  3.976396E+00  1.755701E+01  3.069208E-02  2.738811E+02  4.910627E-02  1.149104E+00  2.416147E+00  9.732065E+04  4.330526E+00  
18    -4.222400E-02  4.222400E-02  2.739470E-06  4.627081E-01  9.993781E+00  6.514634E-02  1.829425E+01  5.532793E+00  5.376348E-01  4.068088E+00  2.782947E+01  9.706016E-02  2.738517E+02  2.955703E-01  1.072133E+00  2.171396E+00  9.732065E+04  4.298904E+00  
19    -3.699110E-01  3.699110E-01  2.739470E-06  4.627081E-01  1.825183E+00  5.977701E-02  1.828067E+01  5.532793E+00  5.376348E-01  4.472209E+00  7.005827E+00  6.128324E-02  2.738811E+02  3.121537E-01  1.149104E+00  2.416147E+00  9.732065E+04  4.298904E+00  
20    3.800046E+00  -3.800046E+00  2.739470E-06  4.627081E-01  1.825183E+00  5.977701E-02  1.829425E+01  5.426991E+00  1.000616E+00  2.314186E-01  7.005827E+00  6.128324E-02  2.738811E+02  2.545333E-01  2.542523E+00  2.416147E+00  9.732065E+04  4.298904E+00  
21    8.653172E+00  -8.653172E+00  1.184274E-05  4.627081E-01  9.993781E+00  7.239675E-03  1.837336E+01  5.911245E+00  5.376348E-01  3.976396E+00  8.432222E+00  2.630290E-02  2.738811E+02  4.910627E-02  1.149104E+00  2.416147E+00  9.732072E+04  9.980719E+01  
22    4.399480E-01  -4.399480E-01  1.236223E-05  3.766695E-01  1.825183E+00  5.977701E-02  1.232379E+01  5.532793E+00  5.376348E-01  2.459859E+00  7.005827E+00  6.128324E-02  2.727757E+02  2.545333E-01  1.149104E+00  2.416147E+00  9.732065E+04  4.298904E+00  
23    -4.699770E-01  4.699770E-01  2.739470E-06  4.900031E-01  1.825183E+00  3.988845E-04  1.829425E+01  3.203728E+00  5.376348E-01  2.376989E+00  7.005827E+00  9.866172E-02  2.738811E+02  2.545333E-01  1.149104E+00  2.070242E+00  9.732065E+04  4.298904E+00  
24    -4.697420E-01  4.697420E-01  2.739470E-06  4.900031E-01  1.825183E+00  5.977701E-02  1.829425E+01  5.532793E+00  8.019652E-01  2.459859E+00  7.005827E+00  7.354308E-02  2.738811E+02  2.545333E-01  1.149104E+00  2.070242E+00  9.732065E+04  4.298904E+00  
25    -4.692230E-01  4.692230E-01  2.739470E-06  4.900031E-01  1.825183E+00  1.987646E-02  1.829425E+01  5.532793E+00  1.100244E+00  2.376989E+00  7.005827E+00  9.866172E-02  2.738811E+02  2.545333E-01  1.149104E+00  2.070242E+00  9.732065E+04  4.298904E+00  
26    9.311230E+00  -9.311230E+00  1.140198E-05  4.900031E-01  1.825183E+00  3.988845E-04  1.829425E+01  5.532793E+00  1.100244E+00  2.536650E+00  7.005827E+00  9.866172E-02  2.738587E+02  2.545333E-01  1.167009E+00  2.108760E+00  9.732065E+04  9.150956E+01  
27    -3.894360E-01  3.894360E-01  2.739470E-06  4.900031E-01  1.825183E+00  9.593844E-03  5.154736E+01  5.532793E+00  1.310070E+00  2.314048E+00  7.005827E+00  4.621096E-02  2.725003E+02  2.545333E-01  1.149104E+00  2.664783E+00  9.732065E+04  4.390070E+00  
28    -4.725280E-01  4.725280E-01  3.284175E-06  4.900031E-01  1.917310E+00  5.977701E-02  3.367986E+01  5.532793E+00  5.376348E-01  2.375105E+00  6.969710E+00  9.866172E-02  2.738948E+02  5.053685E-01  1.149104E+00  2.003091E+00  9.732065E+04  4.298904E+00  
29    -4.772200E-01  4.772200E-01  2.739470E-06  4.900031E-01  1.698583E+00  5.977701E-02  1.829425E+01  5.532793E+00  5.376348E-01  2.459859E+00  7.005827E+00  9.866172E-02  2.738811E+02  2.545333E-01  1.149104E+00  2.003091E+00  9.732065E+04  4.298904E+00  
30    9.267711E+00  -9.267711E+00  2.739470E-06  4.900031E-01  1.698583E+00  5.977701E-02  7.104585E+01  5.532793E+00  5.376348E-01  2.459859E+00  7.123286E+00  2.944303E-02  2.738811E+02  2.545333E-01  1.149104E+00  2.003091E+00  9.226878E+04  3.012564E+01  
31    -4.199350E-01  4.199350E-01  2.739470E-06  4.900031E-01  1.698583E+00  5.782950E-02  1.829425E+01  5.532793E+00  5.879291E-01  2.459859E+00  7.005827E+00  9.866172E-02  2.738811E+02  5.858864E-01  1.149104E+00  2.003091E+00  9.732065E+04  4.298904E+00  
32    1.749420E-01  -1.749420E-01  2.739470E-06  3.987092E-01  1.698583E+00  2.694427E-02  7.104585E+01  6.161771E+00  5.376348E-01  2.459859E+00  7.248376E+00  9.866172E-02  2.732846E+02  2.545333E-01  1.075498E+00  2.002970E+00  8.770874E+04  4.298904E+00  
33    -4.913280E-01  4.913280E-01  2.739470E-06  4.900031E-01  1.698583E+00  5.977701E-02  7.104585E+01  9.281700E+00  5.376348E-01  2.459859E+00  7.005827E+00  1.143068E-02  2.740541E+02  2.545333E-01  1.149104E+00  2.003091E+00  8.770874E+04  4.298904E+00  
34    -5.021230E-01  5.021230E-01  2.739470E-06  5.665555E-01  1.988236E+00  5.977701E-02  7.104585E+01  5.532793E+00  9.903684E-01  2.459859E+00  7.139452E+00  9.866172E-02  2.728188E+02  6.177648E-01  1.125736E+00  2.003091E+00  8.770874E+04  4.298904E+00  
35    -1.315830E-01  1.315830E-01  2.739470E-06  4.610136E-01  1.988236E+00  5.977701E-02  7.104585E+01  5.532793E+00  5.376348E-01  2.459859E+00  7.158919E+00  9.866172E-02  2.738703E+02  8.047271E-01  1.125736E+00  2.054079E+00  8.770874E+04  4.298904E+00  
36    -5.050820E-01  5.050820E-01  2.739470E-06  5.665555E-01  1.988236E+00  5.977701E-02  7.104585E+01  5.532793E+00  5.376348E-01  2.459859E+00  7.139452E+00  7.236434E-02  2.738811E+02  8.461450E-01  1.125736E+00  2.003091E+00  8.770874E+04  4.298904E+00  
37    1.169700E-01  -1.169700E-01  1.633965E-06  5.940948E-01  1.849297E+00  8.885211E-02  7.104585E+01  2.937505E+00  1.369186E+00  2.459859E+00  1.806460E+01  9.866172E-02  2.726442E+02  4.844683E-01  1.125736E+00  2.057688E+00  8.770896E+04  4.377799E+00  
38    -5.010320E-01  5.010320E-01  2.739470E-06  5.665555E-01  1.508833E+00  5.977701E-02  7.104585E+01  9.387118E+00  5.376348E-01  2.459859E+00  7.139452E+00  9.866172E-02  2.738811E+02  5.326469E-01  1.125736E+00  2.003091E+00  8.770874E+04  4.377799E+00  
39    -5.096860E-01  5.096860E-01  2.739470E-06  5.665555E-01  1.988236E+00  5.977701E-02  7.104585E+01  5.532793E+00  5.376348E-01  1.368472E-01  7.139452E+00  4.713401E-02  2.731530E+02  7.420322E-01  1.125736E+00  2.003091E+00  8.770874E+04  4.298904E+00  
40    -4.999890E-01  4.999890E-01  2.739470E-06  5.665555E-01  1.988236E+00  5.977701E-02  7.104585E+01  5.271072E+00  5.376348E-01  2.512669E+00  7.139452E+00  7.236434E-02  2.738811E+02  6.053090E-01  1.125736E+00  2.000705E+00  8.770874E+04  4.298904E+00  
41    -4.410570E-01  4.410570E-01  2.739470E-06  5.665555E-01  1.988236E+00  5.977701E-02  7.104585E+01  8.137850E-01  8.719180E-01  2.418347E+00  7.139452E+00  2.156181E-02  2.738811E+02  3.369185E-01  1.125736E+00  2.003091E+00  8.770874E+04  4.298904E+00  
42    7.392900E-01  -7.392900E-01  1.240410E-05  5.910843E-01  1.642833E+00  5.977701E-02  7.104585E+01  5.564719E+00  7.329629E-01  2.206482E+00  7.029949E+00  7.236434E-02  2.730731E+02  6.884154E-01  1.125736E+00  2.003091E+00  8.770876E+04  2.107018E+00  
43    8.569817E+00  -8.569817E+00  2.739470E-06  5.754076E-01  8.895229E+00  5.977701E-02  7.105347E+01  5.532793E+00  5.376348E-01  1.362278E+00  7.139452E+00  7.236434E-02  2.738811E+02  6.188365E-01  1.125736E+00  2.003091E+00  3.468849E+05  1.808275E+01  
